RELATIONSHIP
  Rel_For animal
  INFILE='blupped.txt'
  OUTFILE='blupped.txt.vce' [text
  undefined='     0000000000'
  MAX_CHAR=15
  INPUT
    animal 1    15
    m_p    16   15
    f_p    31   15
  
DATA
  INFILE='blupdata.txt'
  OUTFILE='blupdata.txt.vce' [text
  INPUT
C traits / effects
   animal 999999 1 15
     ltz       0      16      15 
     usf       0      31      15 
    usmd       0      46      15 
     ptz       0      61      15 
    ph1k       0      76      15 
    rmfl       0      91      15 
     ffl       0     106      15 
     imf       0     121      15 
    fuvz       0     136      15 
      dv       0     151      15 
     alt       0     166      15 
     lmf       0     181      15 
    pelm       0     196      15 
    skmw       0     211      15 
     sex      14     226      15 
      br     115     241      15 
    bder     123     256      15 
      sh      13     271      15 
     bjq    1459     286      15 
      wn     113     301      15 
      rk      13     316      15 
      bg      16     331      15 
      wu   11163     346      15 
     uss      19     361      15 
     abt    1295     376      15 
 
MODEL
  ltz  =      sex bjq bg wu animal
  usf  = lmf  sex bjq bg uss animal
  imf  = skmw sex abt bg animal
  fuvz = pelm sex abt bg animal
  ffl  = skmw sex abt bg animal
  usmd = lmf  sex bg bjq uss animal
  rmfl = skmw sex abt bg  animal
  ptz  = pelm sex abt bg wu animal
  ph1k =      sex sh  bg animal
  dv   = skmw sex abt bg animal

 
TRANSFORMATION
  TREATED_AS_MISSING
   ltz   NONE 0. NONE
   usf   NONE 0. NONE
   imf   NONE 0. NONE
   fuvz  NONE 0. NONE
   ffl   NONE 0. NONE
   usmd  NONE 0. NONE
   rmfl  NONE 0. NONE
   ptz   NONE 0. NONE
   ph1k  NONE 0. NONE
   dv    NONE 0. NONE

VG 
  vg_for animal
  967.255556 28.29902184 0.519054908 -20.96677212 -8.644556306 13.78312131 -10.38024535 1262.735417 0.246447254 2.869942551
  28.29902184 3.034222	0.09678283 13.29232315 3.708712245 -0.731783766 -2.267366142 23.52078687 0.008544504 -0.396323547 
  0.519054908 0.09678283 0.113113 1.063546529 0.194554265 -0.077282983 -0.344314403 0.465984662 0.004493337 0.002194262 
  -20.96677212 13.29232315 1.063546529 190.066667 26.55796406 -2.00416902 -18.14022084 -179.0970014 -0.106449797 -1.261687264
  -8.644556306 3.708712245  0.194554265 26.55796406 9.892111 -1.285375814 -3.059260046 -6.134322994 -0.047492365 -0.334093514
  13.78312131 -0.731783766 -0.077282983 -2.00416902 -1.285375814 7.865778 7.32943928 38.15510936 -0.031506267 0.106857009
  -10.38024535 -2.267366142 -0.344314403 -18.14022084 -3.059260046 7.32943928 13.378889 -12.20997212 -0.005786975 0.481669437
  1262.735417 23.52078687 0.465984662 -179.0970014 -6.134322994 38.15510936 -12.20997212 3134.555556 0.751531478 2.814674692
  0.246447254 0.008544504 0.004493337 -0.106449797 -0.047492365 -0.031506267 -0.005786975 0.751531478 0.012928 -0.049083681 
  2.869942551 -0.396323547 0.002194262 -1.261687264 -0.334093514 0.106857009 0.481669437 2.814674692 -0.049083681 0.507578 										      
VE
  1504.777778 5.574825778 0.457742392 172.0192721 20.82652078 24.12519538 -8.71327516 1925.093819 0.083443846 1.540888019
  5.574825778 1.135556 0.078548584 5.998620345 1.071395634 0.387688758 -0.531879758 17.98762124 -0.011482272 -0.002481129
  0.457742392 0.078548584 0.061346 0.6982513 0.060776952 0.038211376 -0.067718651 2.15817573 -0.004130908 -0.003986266
  172.0192721 5.998620345 0.6982513 313.755556 4.619531342 14.27010449 -8.905783196 110.7303723 -0.224284568 -2.220096096
  20.82652078 1.071395634 0.060776952 4.619531342 3.636444 -1.553270932 -2.098133866 21.87290198 0.043524155 -0.273308523
  24.12519538 0.387688758 0.038211376 14.27010449 -1.553270932 3.164556 2.157476023 48.45846646 -0.094767417 0.072665008
  -8.71327516 -0.531879758 -0.067718651 -8.905783196 -2.098133866 2.157476023 4.894222 -9.399432552 -0.043252551 0.089542414
  1925.093819 17.98762124 2.15817573 110.7303723 21.87290198 48.45846646 -9.399432552 4450.444444 0.170993036 -12.57209698
  0.083443846 -0.011482272 -0.004130908 -0.224284568 0.043524155 -0.094767417 -0.043252551 0.170993036 0.046187 -0.055996346
  1.540888019 -0.002481129 -0.003986266 -2.220096096 -0.273308523 0.072665008 0.089542414 -12.57209698 -0.055996346 0.587878

PRINTOUT
  outfile = 'mslmr.lst'
  page = 1500000 

SOLVER
  IOC           <STOP = .0001 relax = 0.6. max_iter =300
  IOD_GS animal <STOP = .0001 relax = 1.2. max_iter =300
     
SYSTEM_SIZE
  NON_ZERO=8970000
  TOTAL   =91819369
